2.0
2.0
2.0
2.0
2.0
2.0
2.0
2.0
2.0
2.0
2.0
2.26050635187
2.5089995575
2.74547961687
2.96994653
3.18240029688
3.3828409175
3.57126839187
3.74768272
3.91208390187
4.0644719375
4.20484682687
4.33320857
4.44955716688
4.5538926175
4.64621492187
4.72652408
4.79482009187
4.8511029575
4.89537267688
4.92762925
4.94787267687
4.9561029575
4.95232009188
4.93652408
4.90871492188
4.8688926175
4.81705716688
4.75320857
4.67734682687
4.5894719375
4.48958390188
4.37768272
4.25376839188
4.1178409175
3.96990029688
3.80994653
3.63797961688
3.4539995575
3.25800635188
3.05
