1.0
1.38442068
1.75315072
2.10619012
2.44353888
2.765197
3.07116448
3.36144132
3.63602752
3.89492308
4.138128
4.36564228
4.57746592
4.77359892
4.95404128
5.118793
5.26785408
5.40122452
5.51890432
5.62089348
5.707192
5.77779988
5.83271712
5.87194372
5.89547968
5.903325
5.89547968
5.87194372
5.83271712
5.77779988
5.707192
5.62089348
5.51890432
5.40122452
5.26785408
5.118793
4.95404128
4.77359892
4.57746592
4.36564228
4.138128
3.89492308
3.63602752
3.36144132
3.07116448
2.765197
2.44353888
2.10619012
1.75315072
1.38442068
1.0
