2.5
2.7372366325
2.96564728
3.1852319425
3.39599062
3.5979233125
3.79103002
3.9753107425
4.15076548
4.3173942325
4.475197
4.6241737825
4.76432458
4.8956493925
5.01814822
5.1318210625
5.23666792
5.3326887925
5.41988368
5.4982525825
5.5677955
5.6285124325
5.68040338
5.7234683425
5.75770732
5.7831203125
5.79970732
5.8074683425
5.80640338
5.7965124325
5.7777955
5.7502525825
5.71388368
5.6686887925
5.61466792
5.5518210625
5.48014822
5.3996493925
5.31032458
5.2121737825
5.105197
4.9893942325
4.86476548
4.7313107425
4.58903002
4.4379233125
4.27799062
4.1092319425
3.93164728
3.7452366325
3.55
